2,72,169
2,72,167
2,77,169
2,75,169
2,74,167
2,71,172
2,72,171
2,72,170
2,72,168
2,72,170
2,73,173
2,73,174
2,73,175
2,74,175
2,75,175
2,64,34
2,67,67
2,67,69
2,66,71
2,67,72
2,69,74
2,66,75
2,65,73
2,66,74
2,67,75
2,68,62
2,64,42
2,63,37
2,64,40
2,65,37
2,65,37
2,64,38
2,65,39
2,65,42
2,65,36
2,65,41
2,65,42
2,65,65
2,64,64
2,67,48
2,62,52
2,65,45
2,65,78
3,59,6
3,61,5
3,54,7
3,67,6
3,49,175
3,43,175
3,40,176
3,28,176
3,45,177
3,56,3
3,61,2
3,64,1
3,64,0
3,38,0
3,39,0
3,33,2
3,36,3
3,37,4
3,38,4
3,36,4
3,32,5
3,36,5
3,45,172
3,57,27
3,44,180
3,49,178
3,45,179
3,70,178
3,63,179
3,70,179
3,63,180
3,54,180
3,49,180
3,70,180
2,73,82
2,65,91
2,77,67
2,73,55
2,74,55
2,63,61
2,72,98
2,63,47
2,67,32
2,73,72
2,60,79
2,68,66
2,79,66
2,76,68
2,74,71
2,80,60
2,65,86
2,67,99
2,47,29
2,68,76
2,69,78
2,69,99
2,66,29
2,75,65
2,71,86
2,69,179
2,62,47
2,61,48
2,64,91
2,66,95
3,40,45
3,38,70
3,39,70
3,46,145
3,70,13
3,45,138
3,66,137
3,63,24
3,69,21
3,71,21
3,76,89
3,67,96
3,63,22
3,29,95
3,34,76
3,35,70
3,32,80
3,79,76
3,40,130
3,28,85
3,35,38
3,81,66
3,58,18
3,59,21
3,62,109
3,77,61
3,79,69
3,37,70
3,78,82
3,83,62
3,69,23
3,44,135
3,83,145
3,28,13
2,65,101
2,66,100
2,71,94
2,71,95
2,72,94
2,68,117
2,68,117
2,70,104
2,71,99
2,71,100
2,68,104
3,37,89
3,37,91
3,37,91
3,37,90
3,37,86
3,37,85
3,37,85
3,37,86
3,37,85
3,85,30
3,33,89
3,32,88
3,33,88
3,33,87
3,37,88
3,38,81
3,38,82
3,37,82
3,40,92
3,35,67
3,87,38
3,35,84
3,34,83
3,34,84
3,37,91
3,38,91
3,38,91
3,36,78
3,37,77
3,38,82
3,38,94
3,36,91
3,36,92
3,81,40
3,81,40
3,82,39
3,36,88
3,33,86
3,88,39
3,38,92
3,39,92
3,34,87
3,34,85
3,39,90
3,39,85
3,34,91
3,85,36
3,86,27
3,38,73
3,35,82
3,35,91
3,42,88
3,41,83
3,81,26
3,37,83
3,39,90
3,35,81
3,81,43
3,85,40
3,39,83
3,27,3
3,30,24
3,24,13
3,31,12
3,25,12
3,34,13
3,17,15
3,82,175
3,78,175
3,20,15
3,24,14
3,30,9
4,27,20
3,11,11
3,74,174
2,64,107
3,33,94
3,33,82
3,34,90
3,34,89
3,37,90
3,32,89
3,33,93
3,23,146
3,27,169
3,28,170
3,32,169
3,24,169
3,31,169
3,19,34
4,22,180
3,29,180
3,42,173
3,8,36
3,27,151
3,16,34
2,69,88
2,68,83
3,38,101
3,42,95
3,81,22
4,51,2
4,55,132
3,9,67
4,47,124
4,29,97
4,52,147
4,44,129
4,41,175
4,44,175
4,43,170
4,45,165
3,53,19
4,51,148
4,30,63
4,31,58
4,33,56
4,33,56
4,50,151
3,64,17
2,74,143
2,71,144
2,70,144
2,70,145
2,71,145
2,70,145
2,70,147
2,68,144
2,70,144
2,65,34
2,66,34
2,90,33
2,64,45
2,66,45
2,64,45
2,67,44
2,65,46
2,64,44
2,65,45
2,66,49
2,60,60
2,74,63
2,77,53
2,77,53
2,64,60
2,65,58
2,65,62
2,65,63
2,60,62
2,73,42
2,76,54
3,34,7
3,42,15
3,31,3
3,38,4
3,33,7
3,31,11
3,33,19
3,78,13
3,79,18
3,79,18
3,77,18
3,77,18
3,80,19
3,80,19
3,79,2
3,81,3
3,53,24
3,59,26
3,43,27
3,69,28
3,36,27
3,35,18
3,8,49
3,13,53
3,45,15
3,62,15
4,70,13
3,79,6
2,63,129
2,62,28
2,62,29
2,70,135
2,62,144
2,55,145
2,80,147
2,62,89
2,62,90
2,63,90
2,63,92
2,65,90
2,59,92
2,61,94
2,68,96
2,62,100
2,60,100
2,66,101
2,62,102
2,62,102
2,75,114
2,74,114
2,69,131
2,61,53
2,74,66
2,63,66
2,65,68
2,66,76
2,73,76
2,65,82
2,68,84
2,63,85
2,68,105
2,69,106
2,71,106
2,69,107
2,72,109
2,71,110
2,69,112
2,68,112
2,70,112
2,70,115
2,68,116
2,69,120
2,68,121
2,70,123
2,66,123
2,70,124
2,68,125
2,70,126
2,72,127
2,71,127
2,70,129
2,75,136
2,70,137
2,70,137
2,74,139
2,70,140
2,71,140
2,71,141
2,68,31
2,68,160
2,83,166
2,65,36
2,77,54
2,65,41
2,65,41
2,64,54
2,67,58
2,77,69
2,78,37
2,73,67
2,78,41
2,75,54
2,69,46
2,76,63
2,73,74
2,73,77
2,71,76
2,75,74
2,75,73
2,81,69
2,81,69
2,81,61
2,77,77
2,77,77
2,68,135
2,74,72
2,74,72
2,76,69
2,75,64
2,72,74
2,68,54
2,68,58
2,72,60
3,76,163
3,78,169
3,72,170
3,69,174
3,70,174
3,22,168
3,22,161
3,28,164
3,28,164
4,29,163
4,29,163
3,28,164
3,30,166
3,30,166
3,31,167
3,31,167
3,32,167
3,32,167
4,32,167
3,30,161
3,30,161
3,31,161
3,31,161
3,37,159
3,72,177
3,75,172
3,49,130
3,45,134
3,64,94
3,75,123
3,65,133
3,77,143
3,88,118
3,87,117
3,81,120
3,84,118
3,80,110
3,84,116
3,84,116
3,81,118
3,78,115
3,88,119
3,81,106
3,87,123
3,83,124
3,86,123
3,79,120
2,79,36
2,76,147
2,77,149
2,77,80
2,75,78
2,74,76
2,74,82
4,42,91
4,53,158
2,68,75
2,65,52
2,69,68
2,68,62
2,65,73
2,70,21
2,70,67
2,71,73
2,69,88
2,69,98
2,69,91
2,70,61
2,69,40
2,64,14
2,66,25
2,66,18
2,63,23
2,65,26
2,71,66
2,67,72
2,67,70
2,71,70
2,73,76
2,70,71
2,64,60
2,67,20
2,66,17
2,66,20
2,69,15
2,68,65
2,68,67
2,69,73
2,68,69
2,69,43
2,71,78
2,66,76
2,69,16
2,69,15
2,70,55
2,70,69
2,69,69
2,69,51
2,67,67
2,66,67
2,66,67
2,72,77
2,68,55
2,67,81
2,71,74
2,70,71
2,70,51
2,70,58
2,71,23
2,70,72
2,70,66
2,69,80
2,69,48
2,71,63
2,69,67
2,69,59
2,67,60
2,70,86
2,70,82
2,69,64
2,71,57
2,69,76
2,71,74
2,68,76
2,67,61
2,70,68
2,68,66
2,68,55
2,68,55
2,70,62
2,65,65
2,69,66
2,70,74
2,70,86
2,71,76
2,70,70
2,70,87
2,69,86
2,68,65
2,68,78
2,69,57
2,69,71
2,70,83
2,70,78
2,66,78
2,72,62
2,70,83
2,67,85
2,72,69
2,69,77
2,68,66
2,70,72
2,71,71
2,68,47
2,66,47
2,70,49
2,70,67
2,65,64
2,71,72
2,71,72
2,69,75
2,66,10
2,67,11
2,66,13
2,70,70
2,69,70
2,66,60
2,69,75
2,69,75
2,69,70
2,70,75
2,65,47
2,71,74
2,69,78
2,71,79
2,70,79
2,68,51
2,70,66
2,69,66
2,68,51
2,69,66
2,71,33
2,71,77
2,71,75
2,67,72
2,68,59
2,70,74
2,69,80
2,69,71
2,67,75
2,68,78
2,72,57
2,73,51
2,68,70
2,67,46
2,68,49
2,67,48
2,70,67
2,67,16
2,67,19
2,68,54
2,67,68
2,70,63
2,67,15
2,66,12
2,67,15
2,69,83
2,68,69
2,70,18
2,69,19
2,70,19
2,66,11
2,70,62
2,64,56
2,71,63
2,69,13
2,68,13
2,67,52
2,68,67
2,70,73
2,70,71
2,68,56
2,71,76
2,70,61
2,73,78
2,69,78
2,69,81
2,68,67
2,65,79
2,69,54
2,67,82
2,71,65
2,68,80
2,71,60
2,70,61
2,72,73
2,70,54
2,71,61
2,70,66
2,69,79
2,67,87
2,65,70
2,69,66
2,69,70
2,68,59
2,69,58
2,71,69
2,73,72
2,69,48
2,68,45
2,69,58
2,70,47
2,68,8
2,65,9
2,68,12
2,63,57
2,70,76
2,68,60
2,70,95
2,69,96
2,71,77
2,69,59
2,68,61
2,69,67
2,67,52
2,67,58
2,55,3
2,70,62
2,70,96
2,69,94
2,70,65
2,69,64
2,70,63
2,69,66
2,65,55
2,71,76
2,69,78
2,65,78
2,71,87
2,67,44
2,70,71
2,68,31
2,72,72
2,71,66
2,68,71
2,70,65
2,69,70
2,70,65
2,68,75
2,68,16
2,69,26
2,69,67
2,70,68
2,69,66
2,70,71
2,68,69
2,68,80
2,66,40
2,69,74
2,68,72
2,70,78
2,71,71
2,69,50
2,68,44
2,73,61
2,71,69
2,71,11
2,65,66
2,70,68
2,71,66
2,68,64
2,70,69
2,69,57
2,70,77
2,64,78
2,72,83
2,70,79
2,71,71
2,70,71
2,68,78
2,74,78
2,70,65
2,69,65
2,69,84
2,65,60
2,70,70
2,70,75
2,67,53
2,70,88
2,68,75
2,69,75
2,69,75
2,68,75
2,61,3
2,70,13
2,68,75
2,68,35
2,68,60
2,68,67
2,64,10
2,67,81
2,69,76
2,72,60
2,69,78
2,64,59
2,69,57
2,71,65
2,67,54
2,64,47
2,71,70
2,69,58
2,66,83
2,67,81
2,67,75
2,67,27
2,70,80
2,69,21
2,68,71
2,71,76
2,69,71
2,72,70
2,73,71
2,70,69
2,70,77
2,67,62
2,68,17
2,62,8
2,70,67
2,69,70
2,68,61
2,66,55
2,68,80
2,67,60
2,66,54
2,72,78
2,70,73
2,66,57
2,72,78
2,66,65
2,71,73
2,71,80
2,71,88
2,71,28
2,70,23
2,74,23
2,69,26
2,64,64
2,69,82
2,70,78
2,69,75
2,70,76
2,67,73
2,69,57
2,70,65
2,69,64
2,68,65
2,69,66
2,70,72
2,69,50
2,66,67
2,66,72
2,70,76
2,68,50
2,66,51
2,68,20
2,68,34
2,68,34
2,70,53
2,68,15
2,68,15
2,67,16
2,69,20
2,65,50
2,69,53
2,67,45
2,65,62
2,72,58
2,68,64
2,70,71
2,69,74
2,68,28
2,69,34
2,67,80
2,69,28
2,71,71
2,73,46
2,71,49
2,69,79
2,68,70
2,70,64
2,68,74
2,68,70
2,71,69
2,65,38
2,65,61
2,69,43
2,71,77
2,72,23
2,72,50
2,70,53
2,67,79
2,67,77
2,68,79
2,67,74
2,67,16
2,67,16
2,66,60
2,68,57
2,68,69
2,70,76
2,68,70
2,68,72
2,70,56
2,70,82
2,68,36
2,69,65
2,70,67
2,68,55
2,68,20
2,69,67
2,70,56
2,66,69
2,66,62
2,68,74
2,67,56
2,67,69
2,73,70
2,67,84
2,67,87
2,69,74
2,66,18
2,68,47
2,68,65
2,70,91
2,68,64
2,66,70
2,68,50
2,68,63
2,68,43
2,70,17
2,67,16
2,68,50
2,68,78
2,70,59
2,71,61
2,71,68
2,71,47
2,66,50
2,70,66
2,69,63
2,70,73
2,65,59
2,66,59
2,68,67
2,71,52
2,71,70
2,74,44
2,64,18
2,69,87
2,70,71
2,69,18
2,70,27
2,72,49
2,69,66
2,70,70
2,69,68
2,67,68
2,68,73
2,67,74
2,68,55
2,69,74
2,69,59
2,68,52
2,68,81
2,68,76
2,71,46
2,70,97
2,69,69
2,70,74
2,68,80
2,72,59
2,72,59
2,72,63
2,70,43
2,71,77
2,67,8
2,65,7
2,70,26
2,73,63
2,67,61
2,66,72
2,69,81
2,70,21
2,69,21
2,69,71
2,67,12
2,69,67
2,67,63
2,68,53
2,68,66
2,72,60
2,71,75
2,67,72
2,68,72
2,69,73
2,66,34
2,66,39
2,68,24
2,69,66
2,70,64
2,67,60
2,71,76
2,68,68
2,67,70
2,65,80
2,67,64
2,64,79
2,69,63
2,71,81
2,70,65
2,74,60
2,66,80
2,70,64
2,65,77
2,67,74
2,68,65
2,72,62
2,68,52
2,67,31
2,68,22
2,71,64
2,66,82
2,66,79
2,71,60
2,70,72
2,66,79
2,67,77
2,71,68
2,70,70
2,66,52
2,71,59
2,72,76
2,64,50
2,67,56
2,70,70
2,70,65
2,67,52
2,71,65
2,69,30
2,67,21
2,72,80
2,67,62
2,70,32
2,67,16
2,68,15
2,68,71
2,68,75
2,70,44
2,65,15
2,60,3
2,67,62
2,67,36
2,68,51
2,69,65
2,71,85
2,68,78
2,68,77
2,69,82
2,70,71
2,65,42
2,67,52
2,71,76
2,71,76
2,69,69
2,69,69
2,69,54
2,73,50
2,70,70
2,66,72
2,65,22
2,69,76
2,69,35
2,70,46
2,70,59
2,65,8
2,66,9
2,69,68
2,69,78
2,67,17
2,71,38
2,68,77
2,68,77
2,69,61
2,66,82
2,71,61
2,70,62
2,67,82
2,64,68
2,70,59
2,70,59
2,66,78
2,66,77
2,70,56
2,71,61
2,67,78
2,66,70
2,69,54
2,66,74
2,70,60
2,65,64
2,69,52
2,67,71
2,70,68
2,67,68
2,70,59
2,68,59
2,68,74
2,68,48
2,66,82
2,69,52
2,66,79
2,72,60
2,70,93
2,65,19
2,72,63
2,69,22
2,68,71
2,70,83
2,69,74
2,70,75
2,68,80
2,67,80
2,67,78
2,68,38
2,72,83
2,71,79
2,70,85
2,70,77
2,71,14
2,69,79
2,72,19
2,71,11
2,67,70
2,65,47
2,70,66
2,69,46
2,69,65
2,68,72
2,70,83
2,69,57
2,67,77
2,68,75
2,69,57
2,68,75
2,68,88
2,71,22
2,69,28
2,68,31
2,65,83
2,66,83
2,67,13
2,64,13
2,71,61
2,69,52
2,69,55
2,68,13
2,67,19
2,71,70
2,70,76
2,71,77
2,71,62
2,70,72
2,71,72
2,69,66
2,66,65
2,65,53
2,71,69
2,65,71
2,67,62
2,68,72
2,68,66
2,68,72
2,68,66
2,67,62
2,68,77
2,68,77
2,68,74
2,68,74
2,67,49
2,68,68
2,69,69
2,66,11
2,65,13
2,68,31
2,66,31
2,61,19
2,72,76
2,69,74
2,69,63
2,67,71
2,70,68
2,70,65
2,65,57
2,69,56
2,65,57
2,70,55
2,66,11
2,67,74
2,67,40
2,68,41
2,70,81
2,69,94
2,70,87
2,70,93
2,68,93
2,71,25
2,67,14
2,68,42
2,71,64
2,71,59
2,70,49
2,71,61
2,68,46
2,72,64
2,71,60
2,70,25
2,70,46
2,65,79
2,69,72
2,70,46
2,70,45
2,69,47
2,71,58
2,69,64
2,69,59
2,73,48
2,68,56
2,67,45
2,69,58
2,70,89
2,66,56
2,65,72
2,68,44
2,69,65
2,68,80
2,70,65
2,67,71
2,68,63
2,70,63
2,70,72
2,70,9
2,66,18
2,65,61
2,68,9
2,68,72
2,67,71
2,71,75
2,69,57
2,69,72
2,71,29
2,70,81
2,66,12
2,57,11
2,66,53
2,69,79
2,69,23
2,65,67
2,68,59
2,69,72
2,70,58
2,70,69
2,68,73
2,64,65
2,69,69
2,70,88
2,67,69
2,68,74
2,70,76
2,68,56
2,72,77
2,69,65
2,69,55
2,69,59
2,73,34
2,70,69
2,71,68
2,71,64
2,71,60
2,72,56
2,70,53
2,71,55
2,69,68
2,72,46
2,67,64
2,69,70
2,65,65
2,71,75
2,69,76
2,71,78
2,71,79
2,69,74
2,70,82
2,70,69
2,56,1
2,67,48
2,68,50
2,70,62
2,68,43
2,70,51
2,70,63
2,71,67
2,70,65
2,70,69
2,70,79
2,71,15
2,72,75
2,66,73
2,70,49
2,71,61
2,68,62
2,69,67
2,67,38
2,70,49
2,66,73
2,70,55
2,69,65
2,65,18
2,71,23
2,68,12
2,67,59
2,69,51
2,68,51
2,69,63
2,67,55
2,69,15
2,66,67
2,71,66
2,63,63
2,71,51
2,69,64
2,70,69
2,69,56
2,70,70
2,72,73
2,71,73
2,69,54
2,71,72
2,70,74
2,70,62
2,70,64
2,68,61
2,69,4
2,69,75
2,70,86
2,70,66
2,69,61
2,65,63
2,70,62
2,65,76
2,71,43
2,69,66
2,68,24
2,68,13
2,72,16
2,69,62
2,66,72
2,67,66
2,69,74
2,69,77
2,66,77
2,67,70
2,67,62
2,66,68
2,66,72
2,70,76
2,69,75
2,68,73
2,68,74
2,69,70
2,66,75
2,67,75
2,69,47
2,69,60
2,69,70
2,63,59
2,69,72
2,68,72
2,68,63
2,69,58
2,69,84
2,70,77
2,65,19
2,70,60
2,70,60
2,70,66
2,69,75
2,66,14
2,72,63
2,70,77
2,65,83
2,69,70
2,71,75
2,69,67
2,71,58
2,70,55
2,73,62
2,72,65
2,68,61
2,70,19
2,69,15
2,68,20
2,68,14
2,67,31
2,68,22
2,69,30
2,70,30
2,67,80
2,68,75
2,70,71
2,70,59
2,73,44
2,72,29
2,69,80
2,69,79
2,68,19
2,71,69
2,69,57
2,65,4
2,68,55
2,70,24
2,70,15
2,69,62
2,69,62
2,67,26
2,66,21
2,71,73
2,70,64
2,68,50
2,70,71
2,69,61
2,72,52
2,68,63
2,68,45
2,70,51
2,69,52
2,70,70
2,67,73
2,68,80
2,66,73
2,66,75
2,71,70
2,71,69
2,71,87
2,70,91
2,70,76
2,70,87
2,67,75
2,70,60
2,67,65
2,70,74
2,69,58
2,69,58
2,69,72
2,68,60
2,67,66
2,67,67
2,66,71
2,64,71
2,64,53
2,65,72
2,64,50
2,67,68
2,69,75
2,70,75
2,67,8
2,70,75
2,64,61
2,65,59
2,70,44
2,70,65
2,71,67
2,70,83
2,68,43
2,69,47
2,68,74
2,70,76
2,70,76
2,70,76
2,70,74
2,69,57
2,69,57
2,71,71
2,73,59
2,65,7
2,66,6
2,68,46
2,65,71
2,66,80
2,72,78
2,68,15
2,70,50
2,64,46
2,65,76
2,71,88
2,69,50
2,68,81
2,66,19
2,64,9
2,71,67
2,70,63
2,68,35
2,70,72
2,68,44
2,69,61
2,70,57
2,68,17
2,71,18
2,70,71
2,70,75
2,69,73
2,69,71
2,71,59
2,67,59
2,68,88
2,69,86
2,68,84
2,68,73
2,68,71
2,66,39
2,68,39
2,66,73
2,71,40
2,69,78
2,71,74
2,69,50
2,70,78
2,71,78
2,66,9
2,71,1
2,66,6
2,73,8
2,70,4
2,68,4
2,70,3
2,68,2
2,67,5
2,68,4
2,68,5
2,68,6
2,72,13
2,69,9
2,69,9
2,74,12
2,71,3
2,70,0
2,70,1
2,69,1
2,70,5
2,73,12
2,73,15
2,67,1
2,71,7
2,70,9
2,70,2
2,71,2
2,68,1
2,70,78
2,68,12
2,62,17
2,71,1
2,68,2
2,68,6
2,70,6
2,69,4
2,68,9
2,71,4
2,69,1
2,74,10
2,73,10
2,72,11
2,74,6
2,71,1
2,69,2
2,68,1
2,65,9
2,69,1
2,70,2
2,69,2
2,69,7
2,71,1
2,68,94
2,68,4
2,59,0
2,60,0
2,58,0
2,64,1
2,62,1
2,59,1
2,63,1
2,60,1
2,64,1
2,58,1
2,61,1
2,61,2
2,55,2
2,59,2
2,58,2
2,64,2
2,59,2
2,55,2
2,63,2
2,59,2
2,62,2
2,60,2
2,66,2
2,61,2
2,63,2
2,60,3
2,60,3
2,58,3
2,59,3
2,65,3
2,64,3
2,62,3
2,58,3
2,60,3
2,57,3
2,57,3
2,63,3
2,58,3
2,60,3
2,60,3
2,59,4
2,60,4
2,60,4
2,58,4
2,63,5
2,60,5
2,58,5
2,64,5
2,58,5
2,62,5
2,58,5
2,60,5
2,61,5
2,63,6
2,59,7
2,61,7
2,59,7
2,71,9
2,68,9
2,58,14
2,55,10
2,68,47
2,64,35
2,69,42
2,67,42
2,67,43
2,70,44
2,69,45
2,70,46
2,69,46
2,67,46
2,70,47
2,74,47
2,67,48
2,73,48
2,69,48
2,75,48
2,69,48
2,72,49
2,74,49
2,73,49
2,72,50
2,70,53
2,70,53
2,71,53
2,72,54
2,71,56
2,71,74
2,72,62
2,75,58
2,70,58
2,75,62
2,70,58
2,68,60
2,70,62
2,70,58
2,69,58
2,69,57
2,70,58
2,70,57
2,69,58
2,73,57
2,69,56
2,68,63
2,68,54
2,72,57
2,68,64
2,69,57
2,71,50
2,66,49
2,74,58
2,70,55
2,66,56
2,68,62
2,69,55
2,70,55
2,71,57
2,70,57
2,68,62
2,68,61
2,69,62
2,70,57
2,72,57
2,73,53
2,69,58
2,73,62
2,75,60
2,67,55
2,70,57
2,70,55
2,76,70
2,73,57
2,69,60
2,67,63
2,70,58
2,72,67
2,68,59
2,75,70
2,71,60
2,67,60
2,71,62
2,70,57
2,68,59
2,69,47
2,69,54
2,70,58
2,76,64
2,66,58
2,69,59
2,69,56
2,67,55
2,68,47
2,67,55
2,71,65
2,70,55
2,69,54
2,70,52
2,69,53
2,68,60
2,68,60
2,69,66
2,70,57
2,69,58
2,70,53
2,68,58
2,68,60
2,69,54
2,71,66
2,69,61
2,71,55
2,68,57
2,71,61
2,68,66
2,71,60
2,71,56
2,70,54
2,68,55
2,70,57
2,70,46
2,70,61
2,72,69
2,71,69
2,71,55
2,75,54
2,70,53
2,71,53
2,68,57
2,69,52
2,69,63
2,67,57
2,67,61
2,69,51
2,69,51
2,70,56
2,69,58
2,69,62
2,69,54
2,69,57
2,68,61
2,68,61
2,72,57
2,69,55
2,75,55
2,72,63
2,71,58
2,69,65
2,70,51
2,69,58
2,70,57
2,69,60
2,70,66
2,70,57
2,68,53
2,70,60
2,68,57
2,71,64
2,69,61
2,68,55
2,68,63
2,69,53
2,70,63
2,68,57
2,72,62
2,69,60
2,71,58
2,71,57
2,68,54
2,71,54
2,70,53
2,65,57
2,70,51
2,70,51
2,70,63
2,71,55
2,69,53
2,69,58
2,70,51
2,68,54
2,68,66
2,68,62
2,68,55
2,68,54
2,68,57
2,69,54
2,69,47
2,71,55
2,69,54
2,69,54
2,73,54
2,69,73
2,76,45
2,67,60
2,69,62
2,66,64
2,73,68
2,67,68
2,68,68
2,67,68
2,66,69
2,65,69
2,64,69
2,67,69
2,66,69
2,66,69
2,66,69
2,67,69
2,69,71
2,68,71
2,68,71
2,66,71
2,69,71
2,69,71
2,69,71
2,67,72
2,69,72
2,67,72
2,69,72
2,70,72
2,70,72
2,67,72
2,72,73
2,67,73
2,68,73
2,68,73
2,68,73
2,71,73
2,71,73
2,69,74
2,68,74
2,71,74
2,68,74
2,69,74
2,68,74
2,68,74
2,71,74
2,71,74
2,69,74
2,70,75
2,70,75
2,68,75
2,68,75
2,67,75
2,69,76
2,68,76
2,67,76
2,68,76
2,68,76
2,68,77
2,66,77
2,68,77
2,68,77
2,70,77
2,70,77
2,70,77
2,68,77
2,68,77
2,67,78
2,67,78
2,68,78
2,68,78
2,71,78
2,69,78
2,71,78
2,67,78
2,70,78
2,69,78
2,69,78
2,66,79
2,67,80
2,69,80
2,67,80
2,70,80
2,70,80
2,67,80
2,69,80
2,67,81
2,68,81
2,70,81
2,69,81
2,69,81
2,67,81
2,69,82
2,67,82
2,68,82
2,68,82
2,68,83
2,68,83
2,69,84
2,67,84
2,67,84
2,70,84
2,70,85
2,68,85
2,68,85
2,68,86
2,69,86
2,68,86
2,72,87
2,69,87
2,67,87
2,71,87
2,68,88
2,68,88
2,68,88
2,67,88
2,69,88
2,70,89
2,69,89
2,71,89
2,70,89
2,69,89
2,69,89
2,66,89
2,67,89
2,68,90
2,69,90
2,69,90
2,69,90
2,71,90
2,69,90
2,71,90
2,70,90
2,71,90
2,70,90
2,70,90
2,69,90
2,70,90
2,70,90
2,70,91
2,72,91
2,69,92
2,67,92
2,70,92
2,69,92
2,70,92
2,69,92
2,69,93
2,71,93
2,69,93
2,69,93
2,68,93
2,69,93
2,70,93
2,70,93
2,68,93
2,71,93
2,70,93
2,68,94
2,67,94
2,70,94
2,68,94
2,70,94
2,67,95
2,72,95
2,69,96
2,70,96
2,70,96
2,69,97
2,70,97
2,69,97
2,70,97
2,73,98
2,70,98
2,70,98
2,73,98
2,71,98
2,67,98
2,68,98
2,72,99
2,69,99
2,71,99
2,72,100
2,69,100
2,69,101
2,70,101
2,69,102
2,69,102
2,68,102
2,68,103
2,71,103
2,72,104
2,69,104
2,72,104
2,69,104
2,72,104
2,72,104
2,72,104
2,70,59
2,73,61
2,72,61
2,71,51
2,70,62
2,72,62
2,68,60
2,72,61
2,72,63
2,68,62
2,71,68
2,72,62
2,69,53
2,71,55
2,74,61
2,69,58
2,71,65
2,73,57
2,70,53
2,73,61
2,70,53
2,70,64
2,75,53
2,69,53
2,70,50
2,70,61
2,74,50
2,70,47
2,73,60
2,74,66
2,70,53
2,68,55
2,70,52
2,73,61
2,71,45
2,68,62
2,71,48
2,76,55
2,74,72
2,72,64
2,69,58
2,73,65
2,69,58
2,69,58
2,69,58
2,74,62
2,72,62
2,69,65
2,70,59
2,69,43
2,69,43
2,67,64
2,71,57
2,71,57
2,70,51
2,73,62
2,69,54
2,70,64
2,68,61
2,72,44
2,71,53
2,73,51
2,72,62
2,73,64
2,73,57
2,74,64
2,69,69
2,74,57
2,69,58
2,71,68
2,70,55
2,70,55
2,71,62
2,73,52
2,68,62
2,75,67
2,71,60
2,73,61
2,72,65
2,71,62
2,74,61
2,75,61
2,75,60
2,72,63
2,72,62
2,69,65
2,73,66
2,74,60
2,74,60
2,68,58
2,74,57
2,76,58
2,72,64
2,71,53
2,73,54
2,71,61
2,74,64
2,74,62
2,72,65
2,71,61
2,74,64
2,69,64
2,66,64
2,75,62
2,75,66
2,70,70
2,71,66
2,74,60
2,74,64
2,69,50
2,73,62
2,73,62
2,69,65
2,69,62
2,67,60
2,72,58
2,68,61
2,73,61
2,73,56
2,71,58
2,73,64
2,69,59
2,71,62
2,72,65
2,70,66
2,71,59
2,69,65
2,75,58
2,71,65
2,74,57
2,72,50
2,71,65
2,70,65
2,72,59
2,68,60
2,70,58
2,74,57
2,73,61
2,74,55
2,70,58
2,72,71
2,73,63
2,71,53
2,71,57
2,73,61
2,69,70
2,71,63
2,71,65
2,70,59
2,69,62
2,72,73
2,74,58
2,70,55
2,68,55
2,68,55
2,70,61
2,71,55
2,73,61
2,74,60
2,69,58
2,72,59
2,71,64
2,75,65
2,70,54
2,73,62
2,70,66
2,68,58
2,75,63
2,69,53
2,69,58
2,71,58
2,70,62
2,75,66
2,73,69
2,74,63
2,72,64
2,68,60
2,74,61
2,70,58
2,71,57
2,71,60
2,71,57
2,71,55
2,69,58
2,73,61
2,70,63
2,71,55
2,68,57
2,72,55
2,73,58
2,73,62
2,69,65
2,72,59
2,71,64
2,73,61
2,73,55
2,73,54
2,70,65
2,73,57
2,71,56
2,71,51
2,70,52
2,71,61
2,69,51
2,68,60
2,71,62
2,70,63
2,70,64
2,73,52
2,68,55
2,70,60
2,71,56
2,75,59
2,72,54
2,71,67
2,70,66
2,69,57
2,68,66
2,70,66
2,72,54
2,70,54
2,73,53
2,69,57
2,71,62
2,72,43
2,70,55
2,70,62
2,73,56
2,72,61
2,72,61
2,72,61
2,72,61
2,73,54
2,71,66
2,74,55
2,75,57
2,72,66
2,70,58
2,70,58
2,69,52
2,69,64
2,71,63
2,71,56
2,71,63
2,73,58
2,70,61
2,70,64
2,70,54
2,72,61
2,71,57
2,68,49
2,70,60
2,73,60
2,71,60
2,69,57
2,71,57
2,72,62
2,73,65
2,71,65
2,72,70
2,73,63
2,71,60
2,72,58
2,69,57
2,75,60
2,70,53
2,69,62
2,70,66
2,72,65
2,75,59
2,73,60
2,75,59
2,70,57
2,74,54
2,74,54
2,69,58
2,75,62
2,70,57
2,75,65
2,73,57
2,72,59
2,70,57
2,69,61
2,72,63
2,71,61
2,70,62
2,74,55
2,71,61
2,71,68
2,68,50
2,69,64
2,65,50
2,70,55
2,71,58
2,74,61
2,74,62
2,73,57
2,68,61
2,70,60
2,70,60
2,71,61
2,69,57
2,70,57
2,71,57
2,72,56
2,70,60
2,72,63
2,71,55
2,70,51
2,71,60
2,69,54
2,70,65
2,72,50
2,72,64
2,73,63
2,71,62
2,66,42
2,68,60
2,67,53
2,71,62
2,73,65
2,71,51
2,74,61
2,76,64
2,72,64
2,71,58
2,72,61
2,74,65
2,72,55
2,72,46
2,69,63
2,70,54
2,70,55
2,71,58
2,72,62
2,71,60
2,72,65
2,72,60
2,71,66
2,70,60
2,71,65
2,70,62
2,70,54
2,68,46
2,70,59
2,72,66
2,68,52
2,70,54
2,75,67
2,70,52
2,73,62
2,71,57
2,70,61
2,68,61
2,73,65
2,71,50
2,71,58
2,70,51
2,69,53
2,70,69
2,70,59
2,74,61
2,71,59
2,69,59
2,73,55
2,72,66
2,73,58
2,70,60
2,69,60
2,71,62
2,73,55
2,72,65
2,71,59
2,71,64
2,70,65
2,73,62
2,70,66
2,73,55
2,71,58
2,71,60
2,69,45
2,69,57
2,71,63
2,72,60
2,70,51
2,70,60
2,70,58
2,70,58
2,72,58
2,70,61
2,70,61
2,71,58
2,71,64
2,72,59
2,72,57
2,71,59
2,70,57
2,70,58
2,71,67
2,71,61
2,72,61
2,71,62
2,74,66
2,71,54
2,71,64
2,71,65
2,69,57
2,71,61
2,68,61
2,71,57
2,70,60
2,67,66
2,73,60
2,72,54
2,71,64
2,72,51
2,71,69
2,74,54
2,74,60
2,70,62
2,70,62
2,72,50
2,73,50
2,70,50
2,68,60
2,73,60
2,71,60
2,74,60
2,70,59
2,71,63
2,69,62
2,69,64
2,71,57
2,70,61
2,76,61
2,70,51
2,71,62
2,72,62
2,72,62
2,73,55
2,70,57
2,71,61
2,73,57
2,74,61
2,73,58
2,72,62
2,68,68
2,69,60
2,69,60
2,72,54
2,73,60
2,70,63
2,70,63
2,70,69
2,73,53
2,67,61
2,71,58
2,70,67
2,74,60
2,70,61
2,70,59
2,69,57
2,70,63
2,71,58
2,73,62
2,75,64
2,68,62
2,68,54
2,73,60
2,70,55
2,71,61
2,72,50
2,73,54
2,71,64
2,72,59
2,70,50
2,72,62
2,71,56
2,70,61
2,70,54
2,71,55
2,70,61
2,72,56
2,71,56
2,72,61
2,71,58
2,71,48
2,71,50
2,71,62
2,71,58
2,71,56
2,70,55
2,74,57
2,75,59
2,76,62
2,72,65
2,73,57
2,71,62
2,71,64
2,71,45
2,68,53
2,72,60
2,70,53
2,70,55
2,69,64
2,71,63
2,74,58
2,70,53
2,71,58
2,69,55
2,74,55
2,71,61
2,71,56
2,71,65
2,73,60
2,71,58
2,68,60
2,69,53
2,69,53
2,70,57
2,69,60
2,71,71
2,72,60
2,72,61
2,71,63
2,71,61
2,71,58
2,71,62
2,70,64
2,72,66
2,72,64
2,70,58
2,69,55
2,70,55
2,71,68
2,71,66
2,63,57
2,72,65
2,71,58
2,75,66
2,72,63
2,74,59
2,74,60
2,71,64
2,70,53
2,71,66
2,70,64
2,68,57
2,70,64
2,70,59
2,70,56
2,72,55
2,72,66
2,73,58
2,72,57
2,73,47
2,73,47
2,74,54
2,72,60
2,70,56
2,70,55
2,74,65
2,70,65
2,70,58
2,73,69
2,69,52
2,71,60
2,72,69
2,71,55
2,75,63
2,70,51
2,69,46
2,70,58
2,69,59
2,72,58
2,72,58
2,70,54
2,72,64
2,68,61
2,70,55
2,70,65
2,71,61
2,70,59
2,69,57
2,71,58
2,71,65
2,72,59
2,71,58
2,73,63
2,71,50
2,72,61
2,68,59
2,73,55
2,67,47
2,69,58
2,70,62
2,70,58
2,70,58
2,72,64
2,72,62
2,68,53
2,76,59
2,71,65
2,71,67
2,72,64
2,70,66
2,72,64
2,75,59
2,71,59
2,73,66
2,70,63
2,72,60
2,71,62
2,69,55
2,75,53
2,72,61
2,73,60
2,68,58
2,71,56
2,71,53
2,72,62
2,71,66
2,69,59
2,71,62
2,71,64
2,73,58
2,69,62
2,68,64
2,72,63
2,70,57
2,70,60
2,70,60
2,69,57
2,69,57
2,71,63
2,70,63
2,70,56
2,71,62
2,69,62
2,70,58
2,74,61
2,71,60
2,73,57
2,70,59
2,68,45
2,71,61
2,71,68
2,71,60
2,73,66
2,73,66
2,70,57
2,68,55
2,74,60
2,68,58
2,73,53
2,71,64
2,70,53
2,72,54
2,72,66
2,72,50
2,72,61
2,71,63
2,70,56
2,68,63
2,72,47
2,71,63
2,72,51
2,72,62
2,68,62
2,70,56
2,71,57
2,70,61
2,72,58
2,71,61
2,71,60
2,71,66
2,73,61
2,70,53
2,72,70
2,72,60
2,74,46
2,66,53
2,70,57
2,68,55
2,69,53
2,71,74
2,74,50
2,69,49
2,70,59
2,74,65
2,66,65
2,72,65
2,69,50
2,70,55
2,70,61
2,71,68
2,72,49
2,71,70
2,70,60
2,71,64
2,72,61
2,72,57
2,71,58
2,72,64
2,71,60
2,67,57
2,66,45
2,70,60
2,70,58
2,72,64
2,69,55
2,71,65
2,71,60
2,70,63
2,69,55
2,71,60
2,69,64
2,70,64
2,71,60
2,67,60
2,70,58
2,72,65
2,69,58
2,73,58
2,71,57
2,71,60
2,69,58
2,72,55
2,71,57
2,69,57
2,72,56
2,71,61
2,71,57
2,72,65
2,71,56
2,73,53
2,73,57
2,70,57
2,72,62
2,72,65
2,69,64
2,75,55
2,70,58
2,69,60
2,69,47
2,71,70
2,71,66
2,71,58
2,72,65
2,69,63
2,73,67
2,72,55
2,71,55
2,75,58
2,70,55
2,70,54
2,70,62
2,69,58
2,70,64
2,72,60
2,72,62
2,70,54
2,71,60
2,68,54
2,71,55
2,69,55
2,66,54
2,72,61
2,64,57
2,71,70
2,65,54
2,70,52
2,70,54
2,70,69
2,72,57
2,69,47
2,68,58
2,71,64
2,69,58
2,72,67
2,71,56
2,70,53
2,70,62
2,71,58
2,67,64
2,72,57
2,72,68
2,73,61
2,69,54
2,70,64
2,73,64
2,73,68
2,71,59
2,72,62
2,72,61
2,74,68
2,73,56
2,70,64
2,68,64
2,73,57
2,71,59
2,73,58
2,71,70
2,71,60
2,70,52
2,70,62
2,71,46
2,68,62
2,71,64
2,70,58
2,71,60
2,71,54
2,68,50
2,71,60
2,72,61
2,69,58
2,73,62
2,71,64
2,73,54
2,70,66
2,71,60
2,72,62
2,69,55
2,71,56
2,73,64
2,71,66
2,70,60
2,71,64
2,71,66
2,71,50
2,69,57
2,69,57
2,70,69
2,69,55
2,71,66
2,69,54
2,72,57
2,71,59
2,71,59
2,72,61
2,73,55
2,71,57
2,71,57
2,70,53
2,70,65
2,69,54
2,70,68
2,71,55
2,68,51
2,69,58
2,72,53
2,73,69
2,72,64
2,71,54
2,70,54
2,68,64
2,72,60
2,71,56
2,69,49
2,70,58
2,72,68
2,70,60
2,72,68
2,70,60
2,71,59
2,69,62
2,69,57
2,67,54
2,70,54
2,70,61
2,71,63
2,66,55
2,75,60
2,72,57
2,69,50
2,71,58
2,71,63
2,68,54
2,69,65
2,71,56
2,71,64
2,71,62
2,71,58
2,66,55
2,71,54
2,73,49
2,71,66
2,71,62
2,72,64
2,72,61
2,69,52
2,69,58
2,69,60
2,69,60
2,72,64
2,71,66
2,69,57
2,72,55
2,67,52
2,70,54
2,70,58
2,72,72
2,71,61
2,72,44
2,67,50
2,71,70
2,71,64
2,67,64
2,72,47
2,72,69
2,72,57
2,72,57
2,72,62
2,72,63
2,71,62
2,71,62
2,72,68
2,70,57
2,70,62
2,69,49
2,71,59
2,72,62
2,70,56
2,75,61
2,70,51
2,69,60
2,69,54
2,72,61
2,64,54
2,68,51
2,71,70
2,72,69
2,68,55
2,71,55
2,74,52
2,70,65
2,70,66
2,70,53
2,69,60
2,72,61
2,70,57
2,70,64
2,72,67
2,69,59
2,72,59
2,71,50
2,69,57
2,70,65
2,70,73
2,71,59
2,66,53
2,71,55
2,73,65
2,70,67
2,70,57
2,65,57
2,71,56
2,72,61
2,72,63
2,69,48
2,72,63
2,69,60
2,69,51
2,70,54
2,66,47
2,71,71
2,73,68
2,71,57
2,70,66
2,68,64
2,72,56
2,68,58
2,70,54
2,70,58
2,72,64
2,72,54
2,67,44
2,68,46
2,72,50
2,69,55
2,68,49
2,70,50
2,67,58
2,74,45
2,65,62
2,70,43
2,70,58
2,70,54
2,73,56
2,70,65
2,70,51
2,66,58
2,72,57
2,71,60
2,71,53
2,66,53
2,73,66
2,68,52
2,70,62
2,70,64
2,74,59
2,71,50
2,65,57
2,67,66
2,70,58
2,73,65
2,72,66
2,74,60
2,71,53
2,67,51
2,66,57
2,70,68
2,70,68
2,73,58
2,73,58
2,72,54
2,76,52
2,77,58
2,71,69
2,73,65
2,72,64
2,71,60
2,72,50
2,71,43
2,71,53
2,72,47
2,68,54
2,63,51
2,64,51
2,73,74
2,65,95
2,61,96
2,66,97
2,63,97
2,65,97
2,63,97
2,67,98
2,74,72
2,74,72
2,69,38
2,67,40
2,67,40
2,67,34
2,68,35
2,67,36
2,67,37
2,70,37
2,70,37
2,70,55
2,69,39
2,75,67
2,72,67
2,72,67
2,75,65
2,75,67
2,72,57
2,72,57
2,70,111
2,69,109
2,69,113
2,67,113
2,71,110
2,69,109
2,71,111
2,68,109
2,68,109
2,68,109
2,68,111
2,70,110
2,72,107
2,68,110
2,70,112
2,69,109
2,65,113
2,71,111
2,66,111
2,72,106
2,68,107
2,70,104
2,70,103
2,70,106
2,69,110
2,69,106
2,69,110
2,70,108
2,70,108
2,70,105
2,70,112
2,68,106
2,68,108
2,68,111
2,72,106
2,67,106
2,69,110
2,69,110
2,70,106
2,67,111
2,65,111
2,69,108
2,70,108
2,69,107
2,65,114
2,67,17
2,69,18
2,70,20
2,71,21
2,70,21
2,65,22
2,72,23
2,70,23
2,65,23
2,65,24
2,66,25
2,67,26
2,69,26
2,65,29
2,66,30
2,67,19
2,67,22
2,69,22
2,66,25
2,67,26
2,65,27
2,67,29
2,69,29
2,67,31
2,65,14
2,63,132
2,64,132
2,60,133
2,60,133
2,60,133
2,61,134
2,62,134
2,63,134
2,63,134
2,62,134
2,62,134
2,62,135
2,63,135
2,66,135
2,59,135
2,61,135
2,64,135
2,63,135
2,65,135
2,62,135
2,63,135
2,63,135
2,60,136
2,60,136
2,59,136
2,66,136
2,61,136
2,59,136
2,59,136
2,64,136
2,66,137
2,61,137
2,62,137
2,61,137
2,59,137
2,59,137
2,59,137
2,59,137
2,64,137
2,63,137
2,60,137
2,60,137
2,63,137
2,63,137
2,63,137
2,60,137
2,59,137
2,59,137
2,58,137
2,59,137
2,60,137
2,59,137
2,59,137
2,57,137
2,61,137
2,60,137
2,61,137
2,60,137
2,62,137
2,62,137
2,60,137
2,64,137
2,63,138
2,62,138
2,59,138
2,61,138
2,64,138
2,63,138
2,64,139
2,60,139
2,64,139
2,60,139
2,59,139
2,60,139
2,59,139
2,59,139
2,62,139
2,61,139
2,65,139
2,62,139
2,64,139
2,61,139
2,60,139
2,66,139
2,61,139
2,61,139
2,61,139
2,59,139
2,60,139
2,63,139
2,61,139
2,59,139
2,64,139
2,60,139
2,61,139
2,66,140
2,63,140
2,64,140
2,63,140
2,64,140
2,61,140
2,59,140
2,58,140
2,59,140
2,60,140
2,65,140
2,60,140
2,63,140
2,62,140
2,62,140
2,62,140
2,60,140
2,63,140
2,61,140
2,61,140
2,67,140
2,62,140
2,62,140
2,65,140
2,60,140
2,58,140
2,59,140
2,61,140
2,64,140
2,64,140
2,63,140
2,63,141
2,59,141
2,67,141
2,65,141
2,60,141
2,64,141
2,63,141
2,65,141
2,61,141
2,61,141
2,61,141
2,61,141
2,61,141
2,66,141
2,58,141
2,62,141
2,62,141
2,62,141
2,62,141
2,63,141
2,65,141
2,64,141
2,62,141
2,60,141
2,63,141
2,65,141
2,62,141
2,62,141
2,67,141
2,62,141
2,64,141
2,61,142
2,62,142
2,63,142
2,64,142
2,68,142
2,66,142
2,62,142
2,59,142
2,60,142
2,60,142
2,65,142
2,58,142
2,58,142
2,64,142
2,63,143
2,63,143
2,64,143
2,62,143
2,61,143
2,62,143
2,60,143
2,61,143
2,66,143
2,59,143
2,65,143
2,62,143
2,59,143
2,64,143
2,62,143
2,63,143
2,60,144
2,64,144
2,64,144
2,66,144
2,63,144
2,62,144
2,64,144
2,61,144
2,62,144
2,61,144
2,60,144
2,65,144
2,58,144
2,60,144
2,64,144
2,63,144
2,65,144
2,63,144
2,61,144
2,63,144
2,60,144
2,65,144
2,62,144
2,60,144
2,59,145
2,64,145
2,63,145
2,64,145
2,62,145
2,59,145
2,62,145
2,64,145
2,64,145
2,60,145
2,64,145
2,64,145
2,64,145
2,60,146
2,61,147
2,62,147
2,65,147
2,63,147
2,61,147
2,61,147
2,63,147
2,61,147
2,65,147
2,63,148
2,62,148
2,61,148
2,64,148
2,65,149
2,64,143
2,61,150
2,70,150
2,71,152
2,69,153
2,73,155
2,71,156
2,70,157
2,71,157
2,71,159
2,72,159
2,71,160
2,71,160
2,73,161
2,72,161
2,72,161
2,71,162
2,72,162
2,77,162
2,77,163
2,71,163
2,71,163
2,76,163
2,76,163
2,73,164
2,70,163
2,73,165
2,72,163
2,74,162
2,75,163
2,76,165
2,72,161
2,73,164
2,72,161
2,75,159
2,76,163
2,73,164
2,77,163
2,73,160
2,72,160
2,72,160
2,76,164
2,72,156
2,73,153
2,73,151
2,68,154
2,73,161
2,74,152
2,73,160
2,74,164
3,30,3
3,32,1
3,32,0
3,27,1
3,29,1
3,29,1
3,29,1
3,28,2
3,38,5
3,31,2
3,34,2
3,31,1
3,30,6
3,31,3
3,26,5
3,29,2
3,30,5
3,29,1
3,38,3
3,32,1
3,30,1
3,31,2
3,29,2
3,27,2
3,34,7
3,27,1
3,26,1
3,25,1
3,26,6
3,26,2
3,29,1
3,30,4
3,24,2
3,24,5
3,27,4
3,32,3
3,31,5
3,31,3
3,31,2
3,29,1
3,26,6
3,27,3
3,29,2
3,29,4
3,22,9
3,30,7
3,24,4
3,31,1
3,24,5
3,32,1
3,24,2
3,24,3
3,26,3
3,23,3
3,23,2
3,29,1
3,31,5
3,28,2
3,32,3
3,26,3
3,32,3
3,28,1
3,28,1
3,24,4
3,26,8
3,30,0
3,31,2
3,29,3
3,29,6
3,33,1
3,30,8
3,31,3
3,29,2
3,27,2
4,33,4
3,29,3
3,28,6
3,31,1
3,19,4
3,27,1
3,24,1
3,23,1
3,27,2
3,27,6
3,23,7
3,28,1
3,24,3
3,35,6
3,28,4
3,27,5
3,30,1
3,33,8
3,31,3
3,33,1
3,29,4
3,27,1
3,20,7
3,32,2
3,33,1
3,35,2
3,28,5
3,28,1
3,31,1
3,29,2
3,31,2
3,23,7
3,33,5
3,31,1
3,29,4
3,27,0
3,23,5
3,25,1
3,23,11
3,33,1
3,28,2
3,26,4
3,26,2
3,26,1
3,30,3
3,30,1
3,29,1
3,27,1
3,30,2
3,32,5
3,32,4
3,20,2
3,25,11
3,26,6
3,28,3
3,28,6
4,26,6
4,26,2
3,32,4
3,26,2
3,29,3
3,29,8
3,29,3
3,28,8
3,28,7
3,27,5
3,28,3
3,29,1
3,31,1
3,32,1
3,23,2
3,27,3
3,32,4
3,31,4
3,28,2
3,26,3
3,26,9
3,27,2
3,30,1
3,27,4
3,28,4
3,25,3
3,36,4
3,25,5
3,30,2
3,29,1
3,35,3
3,29,3
3,26,2
3,30,3
3,31,4
3,29,1
3,31,5
3,31,6
3,25,1
3,22,6
3,28,8
3,30,1
3,29,1
3,27,2
3,28,1
3,28,4
3,28,3
3,27,5
3,23,6
3,29,2
3,31,1
3,28,2
3,29,3
3,31,2
3,33,2
3,30,3
3,24,4
3,31,6
3,30,3
3,27,1
3,29,3
3,23,5
3,29,3
3,31,3
3,32,7
3,31,2
3,32,6
3,26,4
3,27,1
3,29,7
3,29,10
3,26,5
3,26,6
3,32,2
3,32,2
3,30,1
3,30,2
3,33,1
3,24,3
3,30,7
3,29,3
3,29,5
3,19,2
3,25,1
3,35,2
3,31,4
3,30,8
3,27,1
3,31,6
3,36,5
3,26,5
3,26,3
3,31,5
3,29,2
3,31,5
3,29,2
3,33,3
3,30,4
3,30,4
3,31,3
3,25,5
3,27,2
3,33,1
3,30,1
3,29,3
3,31,6
3,32,5
3,32,3
3,29,1
3,25,5
3,26,2
3,25,0
3,31,1
4,24,4
3,28,6
3,28,4
3,30,8
3,28,1
3,27,1
3,33,4
3,26,9
3,26,2
3,32,1
3,31,3
3,28,1
3,28,1
3,32,1
3,35,1
3,33,3
3,31,4
3,29,2
3,25,6
3,30,6
3,33,2
3,28,7
3,27,4
3,30,5
3,24,11
3,29,1
3,28,1
3,29,5
3,25,11
3,33,1
3,31,3
3,34,2
3,28,4
3,23,1
3,32,4
3,31,8
3,33,9
3,29,3
3,28,2
3,29,1
3,30,2
3,27,2
3,25,6
3,32,1
3,30,5
3,30,5
3,27,3
3,32,1
3,30,2
3,23,1
3,31,1
3,22,2
3,22,2
3,29,0
3,26,6
3,25,1
3,29,2
3,22,8
3,23,2
3,13,6
3,35,1
3,33,5
3,29,1
3,31,2
3,26,7
3,28,8
3,31,2
3,27,5
3,29,1
3,32,2
3,29,5
3,25,4
3,24,11
3,24,3
3,31,2
3,26,4
3,35,3
3,31,1
3,26,10
3,28,8
3,35,2
3,33,1
3,29,7
3,25,1
3,20,2
3,29,5
3,30,1
3,29,5
3,31,2
3,31,3
3,30,5
3,27,2
3,28,4
3,31,1
3,27,1
3,28,1
3,29,3
3,28,1
3,27,1
3,29,1
3,28,3
3,30,6
3,28,11
3,26,1
3,31,4
3,28,5
3,32,3
3,27,2
3,31,1
3,27,1
3,30,1
3,29,1
3,36,6
3,30,5
3,31,3
3,30,5
3,28,2
3,36,2
3,31,5
3,27,1
3,29,3
3,26,1
3,28,3
3,29,1
3,30,3
3,29,2
3,30,3
3,23,8
3,28,3
3,28,3
3,26,8
3,31,7
3,27,7
3,31,4
3,29,4
3,29,3
3,31,1
3,31,3
3,27,4
3,35,6
3,27,3
3,29,8
3,32,4
3,29,4
3,28,4
3,30,0
3,25,11
3,28,2
3,30,2
3,25,1
3,30,1
3,27,2
3,23,1
3,26,3
3,28,1
3,30,2
3,30,1
3,30,1
3,27,3
3,27,4
3,28,3
3,29,4
3,24,2
3,17,8
3,31,3
3,31,2
3,31,8
3,30,7
3,25,1
3,31,7
3,28,2
3,27,5
3,31,1
3,23,1
3,24,7
3,26,4
3,32,1
3,29,3
3,31,3
3,28,9
3,28,4
3,27,5
3,31,6
3,31,1
3,27,2
3,15,3
3,29,5
3,34,4
3,31,2
3,29,4
3,33,2
3,34,2
3,28,1
3,33,3
3,27,2
3,27,1
3,28,3
3,29,4
3,31,6
3,30,1
3,31,1
3,30,1
3,31,4
3,27,5
3,28,3
3,30,4
3,28,2
3,28,0
3,28,1
3,28,1
3,31,1
3,27,4
3,28,1
3,25,4
3,19,2
3,23,4
3,28,4
3,27,6
3,26,7
3,28,6
3,31,2
3,28,2
3,23,4
3,28,2
3,31,3
3,31,8
3,31,2
3,25,1
3,29,3
3,28,2
4,59,2
4,60,3
3,64,5
3,64,3
3,64,3
3,64,4
3,65,7
3,65,3
3,65,3
3,65,2
3,65,3
3,66,3
4,66,3
3,66,3
3,66,3
4,67,6
3,67,0
3,67,5
3,67,5
3,67,10
3,67,10
3,67,8
3,67,1
3,67,8
3,67,5
3,67,2
3,68,9
3,68,5
3,68,3
3,68,3
3,68,3
3,68,3
3,68,4
3,68,4
3,68,3
3,68,3
3,68,0
3,68,0
3,68,5
3,68,6
3,68,3
3,68,8
3,68,2
3,68,2
3,69,10
3,69,0
3,69,2
3,69,3
3,69,2
3,69,2
3,69,2
3,69,1
3,69,6
3,69,6
3,69,3
3,69,8
3,69,5
3,69,2
3,69,1
3,69,7
3,69,3
3,69,3
3,69,1
3,69,6
3,69,3
3,69,2
3,69,2
3,69,0
3,69,3
4,69,7
3,70,2
3,70,2
3,70,2
3,70,9
3,70,6
3,70,6
3,70,3
3,70,3
3,70,0
3,70,7
3,70,7
3,70,2
3,70,1
3,70,9
3,70,5
3,70,7
3,70,2
3,70,3
3,70,3
3,70,4
3,70,4
3,70,3
3,70,1
3,70,2
4,70,1
3,70,0
3,70,10
3,70,10
3,70,3
3,70,2
3,70,5
3,71,2
3,71,2
3,71,1
3,71,7
3,71,6
3,71,6
3,71,6
3,71,7
3,71,6
3,71,3
3,71,3
3,71,2
3,71,3
3,71,3
3,71,3
3,71,2
3,71,2
3,71,4
3,71,4
3,71,3
3,71,5
3,71,5
3,72,1
3,72,6
3,72,1
3,72,1
3,72,8
3,72,8
3,72,1
3,72,1
3,72,1
3,72,1
3,72,0
3,72,9
3,72,3
3,72,3
3,72,1
3,72,1
3,73,1
3,73,2
3,73,3
3,73,0
3,73,0
3,73,3
3,73,2
3,73,8
3,74,5
3,74,5
3,74,1
3,75,9
3,75,2
3,75,2
4,75,1
3,75,5
3,75,4
3,75,5
3,75,4
3,76,4
3,76,3
3,76,3
3,76,3
3,76,4
3,76,3
3,76,7
3,76,3
3,77,2
3,77,2
3,77,4
3,77,2
3,77,3
3,78,3
3,78,3
3,78,6
3,78,4
3,78,3
3,78,2
4,79,2
3,79,5
3,79,1
3,79,6
4,79,2
3,79,3
3,80,3
3,80,2
3,82,7
3,83,5
3,83,2
3,69,11
3,69,11
3,73,11
3,31,0
3,31,0
3,32,0
3,42,0
3,38,3
3,35,1
3,37,2
3,33,2
3,39,2
3,35,1
3,34,3
3,42,4
3,36,2
3,36,1
3,37,3
3,36,4
3,36,4
3,36,4
3,36,4
3,43,2
3,37,0
3,42,3
3,36,3
3,39,2
3,38,0
3,37,2
3,37,5
3,36,2
3,35,1
3,40,2
3,40,2
3,40,0
3,21,0
3,36,3
3,39,0
3,35,4
3,33,1
3,35,13
3,36,10
3,34,9
3,34,11
3,34,13
3,37,9
3,36,10
3,32,7
3,34,9
3,35,10
3,38,11
3,33,10
3,35,8
3,36,9
3,40,12
3,38,6
3,38,7
3,38,7
3,39,9
3,38,8
3,35,9
3,76,176
3,74,178
3,83,179
3,74,179
3,72,179
3,81,178
3,76,178
3,85,178
3,84,179
3,67,180
3,75,178
3,73,180
3,73,178
3,77,178
3,77,177
3,26,180
3,26,180
3,26,179
3,26,178
3,26,178
3,26,177
3,26,179
3,26,179
3,30,176
3,29,179
3,26,179
3,28,179
3,28,179
3,28,179
3,27,178
3,27,173
3,25,179
3,29,179
3,30,180
3,27,178
3,29,179
3,26,179
3,24,180
3,25,178
3,25,180
3,25,180
3,31,180
3,27,180
3,26,180
3,25,180
3,27,179
3,28,180
3,26,180
3,29,180
3,28,178
3,28,178
3,28,178
3,28,180
3,30,179
3,25,180
3,29,178
3,29,179
3,25,179
3,26,180
3,26,180
3,26,180
3,28,180
3,27,179
3,26,179
3,27,179
3,27,178
3,27,178
3,23,180
3,23,180
3,28,179
3,25,179
3,25,180
3,29,180
3,26,180
3,27,180
3,26,179
4,21,178
3,25,180
3,26,179
3,25,180
3,28,178
3,29,180
3,25,179
3,27,180
3,30,180
3,25,180
3,27,177
3,26,180
3,27,177
3,27,179
3,29,179
3,26,180
3,25,180
3,25,180
3,26,179
4,22,180
4,23,180
3,26,180
3,25,180
3,25,179
3,25,180
3,27,180
3,26,178
3,25,178
3,25,179
3,26,180
3,26,180
3,26,177
3,28,177
3,25,178
3,31,179
3,24,180
3,24,180
3,24,180
3,26,178
3,27,178
3,26,177
3,29,176
3,26,179
3,29,178
3,26,180
3,23,180
3,26,180
3,28,179
3,26,180
3,26,179
3,25,180
3,25,180
3,26,179
3,28,180
3,29,174
3,25,180
3,24,179
3,25,180
3,28,177
3,28,177
3,27,178
3,26,180
3,26,180
3,26,180
3,27,179
3,25,178
3,26,177
3,30,180
3,25,178
3,27,180
3,26,180
3,26,179
3,25,180
3,30,179
3,26,179
3,27,179
3,25,180
3,25,180
3,28,179
3,28,180
3,27,180
3,29,180
3,24,179
3,24,180
3,25,180
3,27,179
3,25,180
3,27,179
3,25,180
3,25,180
3,26,179
3,25,180
3,25,179
3,25,178
3,25,179
3,31,179
3,28,179
3,26,177
3,27,178
3,29,180
3,29,180
3,25,178
3,25,179
3,29,180
3,25,180
3,28,179
3,28,178
3,28,180
3,26,180
3,34,179
3,27,175
3,24,180
3,26,179
3,26,180
3,29,180
3,30,179
4,23,180
3,27,178
3,29,179
3,30,179
3,25,179
3,26,179
3,27,177
3,25,177
3,26,179
3,27,179
3,30,178
3,27,180
3,24,179
3,26,179
3,27,179
3,26,180
3,28,179
3,26,175
3,27,180
3,29,180
3,29,180
3,24,180
3,26,179
3,24,178
3,25,179
3,24,180
3,24,180
3,29,180
3,24,180
3,26,176
3,27,178
3,26,180
3,26,179
3,28,177
3,27,180
3,27,178
3,24,180
4,22,180
3,23,180
3,23,180
3,29,179
3,26,179
3,26,180
3,24,180
3,25,180
3,28,175
3,26,180
3,27,180
3,30,177
3,26,179
3,24,179
3,26,177
3,23,173
3,22,174
4,23,179
3,23,175
3,25,173
3,28,180
3,31,178
3,30,180
3,26,179
3,25,180
3,25,180
3,26,180
3,28,179
3,28,179
3,29,179
3,27,179
3,23,180
3,25,180
3,29,179
3,27,180
3,29,178
3,26,178
3,28,180
3,27,180
3,27,177
3,25,177
3,25,180
3,29,174
3,28,180
3,27,180
3,25,180
3,24,180
3,25,180
3,30,178
3,29,179
3,26,179
3,25,180
3,24,180
3,26,180
3,25,180
3,23,180
3,28,180
3,26,177
3,26,177
3,26,179
3,29,179
3,25,179
3,28,176
3,28,180
3,24,180
3,24,180
3,24,167
3,25,175
3,26,174
3,28,172
3,24,180
3,27,180
3,24,179
3,27,180
3,25,180
3,26,178
3,28,180
3,30,177
3,28,179
3,26,177
3,28,179
3,25,179
3,27,179
3,25,178
3,26,177
3,26,179
3,25,180
3,24,180
3,27,180
3,27,177
3,28,178
3,27,179
3,26,180
3,24,180
3,28,180
3,23,178
3,28,178
3,27,179
3,27,179
3,26,179
3,24,180
3,20,178
3,30,179
3,25,176
3,25,175
3,24,168
3,26,178
3,28,180
3,27,179
3,29,180
3,29,179
3,27,179
3,28,180
3,29,179
3,26,180
3,26,180
3,27,180
3,24,176
3,24,180
3,29,176
3,29,179
3,29,180
3,33,180
3,25,177
3,30,180
3,26,177
3,26,180
3,31,178
3,27,179
3,26,178
3,26,175
3,26,179
3,25,179
3,27,180
3,28,180
3,25,180
3,28,177
3,26,180
3,28,178
3,25,180
3,25,179
3,25,178
3,27,179
3,27,179
3,25,180
3,29,180
3,26,180
3,27,180
3,29,175
3,25,180
3,28,178
3,27,180
3,27,180
3,26,180
3,26,180
3,27,180
3,26,179
3,25,180
3,26,178
3,26,180
3,28,179
3,26,180
3,24,180
3,24,180
3,26,180
3,26,180
3,28,180
3,26,180
3,28,176
3,24,180
3,25,180
3,27,180
3,27,179
3,26,179
3,26,180
3,25,180
3,26,180
3,24,180
3,27,175
3,35,178
3,27,180
3,26,179
3,28,178
3,24,180
3,25,179
3,28,180
3,27,179
3,28,179
3,27,180
3,30,180
3,28,180
3,28,179
3,28,179
3,29,171
3,28,171
3,28,175
3,25,180
3,25,180
3,28,179
3,26,180
3,27,179
3,29,180
3,24,180
3,24,180
3,25,180
3,25,180
3,27,178
3,27,180
3,29,179
3,29,180
3,27,179
3,31,180
3,31,179
3,26,179
3,27,180
3,28,180
3,29,179
3,26,180
3,26,180
3,26,179
3,28,179
3,26,179
3,29,179
3,25,180
3,25,180
3,25,180
3,24,180
3,27,180
3,26,180
3,26,180
3,25,176
3,25,177
3,25,180
3,24,180
3,25,180
3,28,179
3,28,179
3,27,179
3,26,180
3,28,180
3,26,180
3,24,180
3,27,180
3,27,180
3,29,178
3,26,179
3,26,180
3,25,180
3,25,179
3,25,180
3,26,176
3,24,180
3,27,180
3,26,180
3,27,180
3,27,180
3,26,180
3,27,179
3,25,180
3,24,180
3,25,180
3,28,179
3,29,179
3,30,178
3,28,179
3,30,180
3,26,180
3,27,179
3,27,180
3,28,179
3,28,179
3,26,180
3,28,180
3,26,177
3,26,177
3,26,178
3,27,180
3,25,180
3,26,180
3,27,179
3,24,180
3,25,180
3,24,180
3,25,180
3,26,180
3,25,180
3,26,179
3,28,179
3,29,176
3,27,179
3,27,180
3,25,180
3,26,180
3,25,179
3,26,179
3,26,180
3,29,179
3,28,180
3,25,180
3,27,178
3,26,180
3,25,180
3,27,180
3,26,177
3,25,178
3,28,179
3,26,177
3,25,177
3,26,178
3,27,180
3,25,179
3,26,180
3,25,176
3,30,180
3,26,180
3,26,180
3,26,180
3,30,180
3,24,180
3,28,178
3,26,179
3,26,180
3,26,180
3,27,179
3,27,178
3,27,179
3,27,178
3,27,180
3,26,179
3,26,180
3,26,179
3,26,180
3,26,180
3,29,180
3,28,180
3,26,180
3,28,180
3,30,180
3,26,180
3,26,179
3,24,177
3,25,179
3,29,179
3,28,179
3,28,180
3,27,180
3,25,180
3,26,180
3,26,179
3,26,179
3,30,179
3,25,179
3,27,180
3,26,178
3,30,178
3,24,180
3,27,179
3,25,180
3,26,177
3,25,180
3,26,179
3,25,178
3,27,180
3,26,179
3,26,180
3,28,179
3,27,180
3,26,180
3,26,180
3,27,180
3,25,179
3,25,179
3,27,180
3,28,178
3,29,179
3,26,176
3,25,180
3,28,178
3,29,180
3,22,180
3,26,178
3,27,180
3,26,179
3,29,179
3,25,180
3,23,180
3,25,180
3,28,180
3,26,179
3,28,179
3,26,176
3,27,180
3,25,180
3,24,180
3,35,178
3,27,176
3,26,180
3,25,180
3,27,178
3,29,179
3,25,179
3,28,180
3,26,179
3,26,178
3,27,179
3,24,180
3,24,180
3,29,178
3,27,180
3,24,178
3,26,178
3,27,178
3,28,178
3,26,180
3,27,178
3,26,175
3,25,180
3,25,174
3,27,175
3,25,178
3,25,171
3,29,180
3,25,174
3,26,177
3,28,180
3,25,180
3,25,180
3,26,179
3,25,180
3,24,180
3,24,180
3,28,180
3,27,179
3,26,180
3,28,178
3,28,180
3,27,176
3,28,180
3,26,180
3,27,178
3,25,179
3,27,176
3,27,174
3,26,177
3,27,178
3,27,178
3,27,179
3,27,180
3,25,180
3,26,180
3,25,179
3,27,180
3,26,180
3,26,178
3,24,180
3,27,180
3,26,179
3,26,180
3,25,177
3,26,180
3,26,180
3,29,180
3,29,179
3,28,180
3,29,180
3,25,180
3,26,177
3,25,180
3,26,179
3,25,177
3,29,180
3,31,180
3,24,179
3,23,180
3,27,180
3,24,180
3,24,180
3,25,180
3,24,179
3,25,180
3,30,178
3,26,180
3,26,177
3,25,180
3,26,180
3,27,179
3,25,177
3,29,175
3,27,180
3,25,176
3,27,179
3,26,178
3,26,178
3,26,177
3,25,180
3,25,180
3,25,180
3,25,180
3,26,180
3,28,176
3,25,180
3,25,180
3,25,180
3,27,179
3,26,180
3,26,178
3,26,180
3,27,179
3,27,178
3,28,179
3,25,180
3,27,179
3,28,178
3,28,180
3,29,180
4,22,180
3,25,179
3,25,180
3,26,180
3,28,180
3,28,177
3,26,177
3,25,180
3,24,180
3,25,180
3,28,180
3,24,180
3,25,180
3,26,179
3,26,179
3,26,179
3,25,180
3,27,177
3,25,179
3,26,179
3,26,179
3,25,180
3,26,179
3,26,178
3,26,180
3,24,180
3,25,172
3,26,172
3,25,180
3,29,178
3,31,178
3,29,177
3,27,180
3,27,180
3,25,179
3,25,179
3,26,180
3,27,179
3,27,178
3,26,178
3,26,180
3,26,178
3,27,180
3,26,179
3,26,180
3,26,179
3,24,172
3,23,177
3,26,180
3,26,172
3,26,180
3,29,180
3,26,180
3,25,180
3,26,179
3,26,180
3,25,180
4,25,180
3,24,180
3,29,180
3,29,180
3,28,179
3,28,179
3,27,180
3,32,180
3,24,180
3,26,180
3,26,180
3,27,179
3,24,180
3,25,178
3,24,180
3,25,180
3,26,180
3,31,178
3,25,178
3,26,178
3,24,180
3,24,180
3,25,180
3,27,175
3,26,179
3,26,180
3,26,177
3,25,180
3,28,179
3,27,178
3,28,177
3,28,180
3,25,179
3,25,178
3,25,177
3,25,180
3,28,177
3,28,180
3,26,180
3,26,177
3,25,180
3,25,180
3,25,180
3,27,176
3,28,180
3,26,178
3,25,180
3,28,180
3,28,180
3,28,180
3,31,180
3,28,179
3,27,177
3,33,180
3,26,180
3,26,180
3,25,180
3,24,179
3,29,179
3,24,177
3,26,179
3,28,180
3,26,179
3,27,180
3,26,178
3,27,180
3,27,179
3,28,179
3,30,178
3,25,180
3,29,180
3,26,180
3,24,180
3,27,180
3,25,180
3,29,179
3,25,179
3,27,179
3,25,179
3,27,177
3,27,176
3,26,178
3,26,177
3,26,180
3,25,180
3,28,178
3,26,179
3,28,180
3,26,180
3,26,180
3,26,179
3,27,175
3,26,178
3,26,180
3,24,180
4,23,179
3,25,180
3,26,180
3,33,178
3,26,180
3,25,180
3,27,179
3,25,179
3,27,179
3,27,180
3,27,180
3,28,180
3,27,178
3,26,180
3,34,180
3,29,177
3,25,177
3,25,180
3,25,180
3,25,179
3,26,180
3,26,180
3,26,178
3,25,180
3,29,178
3,27,179
3,27,178
3,25,180
3,28,179
3,26,179
3,26,179
3,26,179
3,28,177
3,32,177
3,25,176
3,28,178
3,25,176
3,26,178
3,26,171
3,27,180
3,25,180
3,24,180
3,24,180
3,24,180
3,29,168
3,23,167
3,24,180
3,25,180
3,27,180
3,28,178
3,27,179
3,24,180
3,26,179
3,25,180
3,30,178
3,29,177
3,27,176
3,24,178
3,27,179
3,25,180
3,29,176
3,26,179
3,25,178
3,25,180
3,29,180
3,32,178
3,24,178
3,27,180
3,26,180
3,28,180
3,26,180
3,28,180
3,28,179
3,29,175
3,30,179
3,30,180
3,30,178
3,26,180
3,26,180
3,25,180
3,28,180
3,25,179
3,25,179
3,25,180
3,25,180
3,23,180
3,26,180
3,26,180
3,26,180
3,25,180
3,25,180
3,25,180
3,25,180
3,27,175
3,28,180
3,26,179
3,26,180
3,25,180
3,26,179
3,26,178
3,25,180
3,27,180
3,27,180
3,28,180
3,28,176
3,30,180
3,26,180
3,30,177
3,26,179
3,26,180
3,25,180
3,26,180
3,26,180
3,27,180
3,25,180
3,26,176
3,30,178
3,27,179
3,25,180
3,26,180
3,27,178
3,32,179
3,27,179
3,25,180
3,26,180
3,26,180
3,25,180
3,27,179
3,29,179
3,29,179
3,28,180
3,28,178
3,26,180
3,26,180
3,24,180
3,29,180
3,29,179
3,26,180
3,26,180
3,31,177
3,23,169
3,25,180
3,25,180
3,27,180
3,29,180
3,29,180
3,28,180
3,26,180
3,27,179
3,28,180
3,26,180
3,25,180
3,25,180
3,24,180
3,28,179
3,27,180
3,25,180
3,25,180
3,28,178
3,28,176
3,28,179
3,27,179
3,26,175
3,25,180
3,26,179
3,26,179
3,25,177
3,25,180
3,26,175
3,25,179
3,27,179
3,25,180
3,25,180
3,26,177
3,28,178
3,26,180
3,26,180
3,24,180
3,26,177
3,28,179
3,25,179
3,26,180
3,25,180
3,24,180
3,28,174
3,28,178
3,24,180
3,30,177
3,27,175
3,27,179
3,29,180
3,28,179
3,28,180
3,27,180
3,27,179
3,28,177
3,29,176
3,24,180
3,25,180
3,25,180
3,25,180
3,27,179
3,25,179
3,23,180
3,28,180
3,27,180
3,27,179
3,27,180
3,25,176
3,27,178
3,26,180
3,25,180
3,27,180
3,29,179
3,30,179
3,24,180
3,25,180
3,25,180
3,28,178
3,25,180
3,24,180
3,25,180
3,25,180
3,25,180
3,24,180
3,24,180
3,24,180
3,26,179
3,26,180
3,25,177
3,26,180
3,26,180
3,24,180
3,25,180
3,25,180
3,24,180
3,25,179
3,25,178
3,31,178
3,30,177
3,28,180
3,29,178
3,24,180
3,24,180
3,24,180
3,23,179
3,27,179
3,28,180
3,31,180
3,27,180
3,26,180
3,42,179
3,42,179
4,42,177
4,40,180
3,73,180
3,79,180
3,2,180
3,2,180
3,12,180
3,13,180
3,18,174
3,19,180
3,19,180
3,20,176
3,20,179
3,20,180
3,21,178
3,21,180
3,21,175
3,22,180
3,23,169
3,23,180
3,23,180
3,23,180
3,23,180
3,23,180
3,24,180
3,24,180
3,24,180
3,24,170
3,24,180
3,24,180
3,24,179
3,24,170
3,24,180
3,24,180
3,25,180
3,25,180
3,25,179
3,25,180
3,25,180
3,25,171
3,25,180
3,25,180
3,25,180
3,25,180
3,25,180
3,25,180
3,25,180
3,25,180
3,25,178
3,25,176
3,25,179
3,25,180
3,25,179
3,25,179
3,25,172
3,25,172
3,25,172
3,25,180
3,25,171
3,25,180
3,25,174
3,25,180
3,25,180
3,25,180
3,25,180
3,26,180
3,26,180
3,26,180
3,26,180
3,26,179
3,26,180
3,26,180
3,26,174
3,26,180
3,26,180
3,26,180
3,26,172
3,26,180
3,26,180
3,26,180
3,26,176
3,26,180
4,26,178
3,26,180
3,26,180
3,26,180
3,26,175
3,26,175
3,26,180
3,26,180
3,26,180
3,26,177
3,26,170
3,26,180
4,26,180
3,26,180
3,26,180
3,26,180
3,26,180
3,26,180
3,26,180
3,27,180
3,27,180
3,27,180
3,27,174
3,27,180
3,27,175
3,27,175
3,27,180
3,27,180
3,27,175
3,27,178
3,27,177
3,27,180
3,27,180
3,27,177
3,27,179
3,27,180
3,27,180
3,27,180
3,27,173
3,27,180
3,27,180
3,27,170
3,27,180
3,27,178
3,27,176
4,27,174
3,27,180
3,27,180
3,27,180
4,27,180
3,27,180
3,27,172
3,27,180
3,27,180
3,27,180
3,27,180
3,27,179
3,27,179
3,27,179
3,27,180
3,27,180
3,27,176
3,27,176
3,27,180
3,27,180
3,27,180
4,27,176
4,27,178
4,27,174
3,27,180
3,27,180
3,27,178
3,27,180
3,27,180
3,27,180
3,27,180
3,27,180
3,27,180
3,27,180
3,27,180
3,27,169
3,27,180
4,27,180
4,27,180
3,28,180
3,28,180
3,28,180
3,28,179
3,28,180
3,28,178
3,28,180
3,28,180
3,28,180
3,28,180
3,28,180
3,28,178
3,28,180
3,28,180
4,28,180
3,28,180
3,28,178
3,28,180
3,28,180
3,28,180
3,28,180
3,28,178
4,28,174
3,28,180
3,28,180
3,28,180
3,28,180
3,28,179
3,28,180
3,28,180
3,28,180
3,28,171
3,28,180
3,28,179
3,28,180
3,28,172
3,28,172
3,28,180
3,28,180
3,28,179
3,28,175
3,28,175
3,28,179
3,28,180
3,28,174
3,28,179
4,28,180
3,28,179
3,28,172
3,28,178
3,28,180
3,28,180
3,28,180
3,28,180
3,28,180
3,28,180
3,28,171
3,28,171
4,28,177
4,28,177
3,28,180
3,28,180
4,28,176
4,28,176
3,28,176
3,28,180
3,28,180
3,28,170
3,28,174
3,28,176
3,28,180
3,28,176
3,28,180
4,28,176
3,28,180
3,28,180
3,28,175
3,28,175
3,28,180
3,28,174
4,28,176
3,28,179
3,28,180
3,28,180
4,28,179
3,28,180
3,28,180
3,29,170
4,29,180
3,29,180
3,29,178
3,29,180
3,29,180
3,29,180
3,29,180
3,29,180
3,29,180
3,29,180
3,29,171
3,29,177
3,29,175
3,29,175
3,29,180
3,29,180
3,29,180
3,29,180
3,29,180
3,29,174
3,29,180
4,29,179
3,29,179
3,29,180
3,29,176
3,29,172
3,29,180
3,29,176
3,29,175
4,29,177
3,29,176
3,29,171
3,29,171
3,29,180
3,29,180
3,29,178
3,29,178
3,29,180
3,29,180
3,29,180
4,29,176
3,29,180
3,29,180
3,29,178
3,29,178
4,29,178
3,29,180
3,29,180
3,29,180
3,29,179
3,29,179
3,29,175
3,29,178
3,29,180
3,29,180
3,29,176
3,29,180
3,29,180
3,29,180
3,29,180
3,29,178
4,29,180
3,29,179
3,29,180
3,29,180
3,29,180
3,29,180
4,29,172
3,29,178
3,29,174
3,29,178
3,29,180
3,29,179
3,29,172
3,29,175
3,29,178
4,29,178
3,29,177
3,29,173
3,29,180
3,29,180
3,29,180
3,29,178
4,29,179
3,29,175
3,29,180
3,29,179
4,29,175
3,29,180
3,29,178
3,29,178
3,29,179
3,29,180
3,29,179
3,29,180
3,29,175
3,29,180
3,29,173
3,29,179
3,29,179
3,29,180
3,29,180
3,29,174
3,29,175
3,29,175
3,29,179
3,29,180
3,29,180
3,29,180
3,29,174
3,29,174
3,29,179
3,29,180
3,29,180
3,29,180
3,30,180
3,30,180
3,30,180
3,30,180
3,30,180
3,30,180
3,30,178
3,30,179
3,30,180
3,30,180
3,30,180
3,30,180
3,30,180
3,30,180
3,30,176
3,30,180
3,30,180
4,30,174
3,30,180
3,30,177
3,30,180
3,30,180
3,30,180
3,30,172
3,30,180
3,30,180
3,30,180
3,30,174
3,30,180
3,30,180
3,30,176
3,30,178
3,30,178
3,30,176
3,30,174
3,30,173
3,30,180
3,30,179
3,30,180
3,30,178
3,30,178
3,30,180
3,30,170
3,30,180
3,30,179
3,30,180
3,30,178
3,30,178
3,30,176
3,30,180
3,30,180
3,30,180
3,30,178
3,30,172
3,30,172
3,30,180
3,30,176
3,30,180
3,30,178
3,30,180
3,30,178
3,30,175
3,30,180
3,30,179
4,30,178
3,30,173
3,30,180
3,30,180
3,30,176
3,30,180
3,30,180
3,30,179
3,30,180
3,30,180
3,30,179
3,30,173
3,30,179
3,31,180
3,31,171
3,31,180
3,31,180
4,31,178
4,31,178
3,31,180
3,31,172
3,31,179
3,31,176
3,31,178
3,31,180
3,31,177
3,31,175
3,31,179
3,31,180
3,31,179
3,31,176
3,31,172
3,31,179
3,31,179
3,31,180
3,31,174
3,31,178
3,31,172
4,31,178
3,31,180
3,31,180
3,31,180
3,31,180
3,31,178
3,31,178
3,31,174
3,31,180
3,31,179
3,31,179
3,31,180
3,31,179
3,31,172
3,31,180
3,31,172
3,31,180
3,31,179
3,31,170
3,31,180
3,31,178
3,31,178
3,31,175
3,31,179
3,31,177
3,32,169
3,32,180
3,32,179
3,32,174
3,32,176
3,32,176
3,32,180
3,32,179
3,32,180
3,32,178
3,32,180
3,32,180
3,32,180
3,32,180
3,32,180
3,32,178
3,32,179
3,32,180
3,32,180
3,32,172
3,32,179
3,32,180
4,32,171
3,32,179
3,32,176
3,32,175
3,32,176
3,32,180
3,32,175
3,32,176
3,32,180
3,32,179
3,33,179
3,33,179
3,33,173
3,33,180
3,33,171
3,33,171
3,33,176
3,33,177
3,33,179
3,33,170
4,33,180
3,33,179
4,33,180
3,33,172
3,33,179
4,33,180
3,33,179
3,33,175
3,33,179
3,33,174
3,34,178
3,34,178
3,34,180
3,34,175
3,34,180
3,34,172
4,34,180
3,34,176
3,34,180
3,34,176
3,34,176
3,34,180
3,34,177
3,35,177
3,35,180
3,35,171
3,35,180
3,35,180
3,35,179
3,35,180
3,35,180
3,35,178
3,35,173
3,35,180
3,36,176
3,36,179
3,36,178
3,37,178
3,38,179
3,70,180
3,71,180
3,71,180
3,73,180
4,73,180
3,73,179
3,75,180
3,76,180
3,76,180
3,77,180
3,77,180
3,78,180
3,78,180
3,78,180
3,78,179
3,79,180
3,79,180
3,79,180
3,79,180
3,80,180
3,84,179
3,26,168